State	Number of Communities of Care	Total Homeless	Total Homeless Sheltered	Total Unsheltered Homeless	Total Homeless Individuals	Total Homeless Individuals Sheltered	Total Homeless Individuals Unsheltered	Total Homeless Persons in Families	Total Homeless Persons in Families Sheltered	Total Homeless Persons in Families Unsheltered	Total Homeless Family Households	Total Homeless Family Households Sheltered	Total Homeless Family Households Unsheltered	Total Chronically Homeless	Chronically Homeless Sheltered	Chronically Homeless Unsheltered	Chronically Homeless Individuals	Chronically Homeless Persons in Families	Total Homeless Veterans	Total Homeless Veterans Sheltered	Total Homeless Veterans Unsheltered
AK	2	1946	1741	205	1362	1208	154	584	533	51	196	182	14	184	138	46	166	18	210	188	22
AL	8	4689	3246	1443	3387	2212	1175	1302	1034	268	495	375	120	858	295	563	768	90	511	363	148
AR	6	3812	1664	2148	3174	1177	1997	638	487	151	218	162	56	602	171	431	565	37	462	326	136
AZ	3	10562	7431	3131	6510	3662	2848	4052	3769	283	1291	1210	81	1188	520	668	1064	124	1222	901	321
CA	40	136826	45554	91272	111732	26426	85306	25094	19128	5966	8267	6258	2009	39250	5251	33999	35386	3864	15179	4886	10293
CO	3	9754	7591	2163	4664	3075	1589	5090	4516	574	1444	1284	160	1780	846	934	1354	426	685	452	233
CT	6	4448	3529	919	3101	2275	826	1347	1254	93	475	438	37	1046	678	368	872	174	341	267	74
DC	1	6865	6353	512	3696	3184	512	3169	3169	0	983	983	0	2027	1566	461	1764	263	499	435	64
DE	1	946	936	10	575	565	10	371	371	0	119	119	0	71	68	3	65	6	89	86	3
FL	28	47862	19670	28192	31359	12330	19029	16503	7340	9163	5806	2420	3386	9647	1873	7774	7778	1869	5505	2328	3177
GA	9	16971	8510	8461	12880	5250	7630	4091	3260	831	1257	990	267	3082	936	2146	2713	369	1805	900	905
GU	1	1271	128	1143	296	35	261	975	93	882	167	25	142	290	1	289	51	239	32	2	30
HI	2	6335	3745	2590	3355	1142	2213	2980	2603	377	736	643	93	1180	273	907	1031	149	558	234	324
IA	3	3084	2950	134	1524	1392	132	1560	1558	2	495	494	1	327	258	69	277	50	229	220	9
ID	2	1781	1404	377	1084	775	309	697	629	68	211	192	19	271	165	106	193	78	208	162	46
IL	20	13425	11229	2196	7958	6104	1854	5467	5125	342	1730	1629	101	1574	980	594	1403	171	1267	882	385
IN	3	6096	5396	700	3751	3167	584	2345	2229	116	739	705	34	580	409	171	511	69	743	666	77
KS	5	2693	2382	311	1480	1238	242	1213	1144	69	387	365	22	356	249	107	304	52	414	384	30
KY	3	5245	4491	754	3302	2733	569	1943	1758	185	672	614	58	541	268	273	394	147	607	510	97
LA	9	5226	3651	1575	3908	2401	1507	1318	1250	68	415	393	22	1115	245	870	1015	100	575	383	192
MA	18	19029	18179	850	6694	5883	811	12335	12296	39	4327	4314	13	2115	1715	400	1577	538	1253	1204	49
MD	16	8205	6283	1922	5221	3717	1504	2984	2566	418	997	872	125	1480	862	618	1249	231	673	563	110
ME	2	3016	2954	62	1563	1518	45	1453	1436	17	494	487	7	176	176	0	159	17	164	150	14
MI	21	11527	9339	2188	7236	5519	1717	4291	3820	471	1412	1241	171	1106	666	440	969	137	1100	945	155
MN	10	8214	7299	915	3728	3023	705	4486	4276	210	1338	1273	65	1350	1001	349	915	435	349	286	63
MO	8	8581	6501	2080	4652	3365	1287	3929	3136	793	1259	1014	245	1037	601	436	695	342	843	667	176
MS	3	2403	1083	1320	1753	648	1105	650	435	215	192	134	58	475	68	407	408	67	210	129	81
MT	1	1878	1094	784	1211	574	637	667	520	147	207	165	42	227	65	162	210	17	309	118	191
NC	12	12168	9013	3155	7530	5383	2147	4638	3630	1008	1520	1169	351	1842	802	1040	1451	391	1123	934	189
ND	1	2069	674	1395	1230	443	787	839	231	608	244	83	161	179	68	111	110	69	241	60	181
NE	3	3145	2972	173	1892	1733	159	1253	1239	14	397	393	4	414	342	72	339	75	183	161	22
NH	3	1447	1245	202	798	626	172	649	619	30	229	219	10	255	135	120	226	29	125	112	13
NJ	17	12002	10603	1399	6093	4916	1177	5909	5687	222	1994	1917	77	1237	847	390	1002	235	540	420	120
NM	2	2819	2391	428	1786	1411	375	1033	980	53	323	304	19	525	306	219	399	126	243	183	60
NV	3	8443	3698	4745	7597	2899	4698	846	799	47	319	304	15	890	377	513	884	6	950	477	473
NY	30	77430	73273	4157	31235	27214	4021	46195	46059	136	13675	13647	28	6317	3885	2432	4045	2272	4659	4201	458
OH	9	12325	10987	1338	7611	6472	1139	4714	4515	199	1501	1448	53	1753	1207	546	1677	76	1212	1050	162
OK	8	4408	3262	1146	3179	2320	859	1229	942	287	426	313	113	719	330	389	617	102	437	338	99
OR	7	13822	6432	7390	8994	3602	5392	4828	2830	1998	1524	905	619	3043	723	2320	2444	599	1494	709	785
PA	18	15086	13727	1359	7973	6767	1206	7113	6960	153	2409	2361	48	1681	1010	671	1536	145	1462	1290	172
PR	2	4128	1402	2726	3470	1057	2413	658	345	313	185	107	78	2130	261	1869	1629	501	82	40	42
RI	1	1384	1267	117	862	753	109	522	514	8	177	175	2	251	198	53	243	8	97	95	2
SC	4	6544	3411	3133	4736	2339	2397	1808	1072	736	640	365	275	483	143	340	453	30	636	345	291
SD	1	1094	755	339	557	394	163	537	361	176	154	115	39	217	71	146	117	100	125	106	19
TN	10	9528	6321	3207	6909	4632	2277	2619	1689	930	880	581	299	2219	1162	1057	1929	290	991	728	263
TX	12	29615	17525	12090	20758	9681	11077	8857	7844	1013	2826	2532	294	5535	2168	3367	4770	765	3878	2007	1871
UT	3	3277	2859	418	1959	1593	366	1318	1266	52	406	391	15	454	349	105	347	107	327	290	37
VA	16	7625	6603	1022	4532	3587	945	3093	3016	77	984	959	25	1356	875	481	1262	94	719	625	94
VI	1	482	119	363	444	81	363	38	38	0	11	11	0	87	0	87	87	0	33	2	31
VT	2	1454	1270	184	701	547	154	753	723	30	262	253	9	217	140	77	183	34	128	111	17
WA	7	17760	12707	5053	10617	6032	4585	7143	6675	468	2217	2081	136	2196	1076	1120	1927	269	1318	1058	260
WI	4	6104	5736	368	3005	2703	302	3099	3033	66	1016	994	22	521	383	138	449	72	552	528	24
WV	4	2240	1612	628	1544	1038	506	696	574	122	228	192	36	432	250	182	390	42	329	292	37
WY	1	953	501	452	677	306	371	276	195	81	84	55	29	244	116	128	221	23	137	110	27
Total	415	610042	394698	215344	387845	203127	184718	222197	191571	30626	70960	60855	10105	109132	37568	71564	92593	16539	58063	34909	23154